18125006 Dung Pham-Le-Thuy 0 0 0 0 0 0 0 0 0 0 0 0 0 0 0 0 0 0 0 0
18125007 Duy Vu-Tran 0 0 0 0 0 0 0 0 0 0 0 0 0 0 0 0 0 0 0 0
18125017 Phong La-Hoang 0 0 0 0 0 0 0 0 0 0 0 0 0 0 0 0 0 0 0 0
18125037 Khoa Nguyen-Ngoc-Anh 0 0 0 0 0 0 0 0 0 0 0 0 0 0 0 0 0 0 0 0
18125043 San Cao-The 0 0 0 0 0 0 0 0 0 0 0 0 0 0 0 0 0 0 0 0
18125046 Ro Nguyen-E 0 0 0 0 0 0 0 0 0 0 0 0 0 0 0 0 0 0 0 0
18125049 Hieu Huynh-Minh 0 0 0 0 0 0 0 0 0 0 0 0 0 0 0 0 0 0 0 0
18125134 Minh Le-Hoang 0 0 0 0 0 0 0 0 0 0 0 0 0 0 0 0 0 0 0 0
17123135 Tam Le-Tan-Dang 0 0 0 0 0 0 0 0 0 0 0 0 0 0 0 0 0 0 0 0
18127127 Linh Nguyen-Thi-Thuy 0 0 0 0 0 0 0 0 0 0 0 0 0 0 0 0 0 0 0 0
