18125006 18125006 2D6AE42AF5E6B4F7E755 12 1
18125007 18125007 3D6AE42AF5F6B4F7E755 12 1
18125017 18125017 257AE42AF5FFE4F7E755 12 1
18125025 18125025 FC7AE42AF5D825F7E755 12 1
18125037 18125037 058AE42AF5F165F7E755 12 1
18125043 18125043 BC8AE42AF5BA95F7E755 12 1
18125046 18125046 EC8AE42AF5EA95F7E755 12 1
18125049 18125049 1D8AE42AF51B95F7E755 12 1
18125095 18125095 84BAE42AF5D7B6F7E755 12 1
18125134 18125134 E47EE42AF5C170C8E755 12 1
1111111111 nhanh@hcmus 94C29277C556D1A168B4 11 1
1111111111 dbtien@hcmus 6C19A93FCD40DA18ABA 11 1
